name: Parkes system
f1: 1518
f2: 1230
nchan: 64
t0: 0
t1: 300
raj: 0
decj: 0
useAngle: 0
tsamp: 512e-6
gain: 16
tsys: 20
nbits: 1
beamRA0: 4.38128820043
beamDEC0: -0.05758772044
diameter: 300
surveyType: 2
