name: Pulsar 1
p0: 0.1
dm: 20
raj: 4.510914803
decj: 0.13602659
width: 0.03
useAngle: 0
flux: 0.1
