name: FAST beam 19
f1: 1450
f2: 1050
nchan: 128
t0: 0
t1: 300
raj: 4.38128820043305
decj: 0.087266462
useAngle: 0
tsamp: 512e-6
gain: 16
tsys: 20
nbits: 8
beamRA0: 4.37833568511509
beamDEC0: 0.0876068012041389
diameter: 300
surveyType: 2
#16:43:26.43745
#0.0879485948493211

#J1644+0502
#05:02:20.699876

